01                      Dmitry                        Ivanov                 Alexandrovich     Nikonova12/18GomelBelarus
02000001000000004500643                                                                                                 
02000002000000002000978                                                                                                 
02000003000000001800974                                                                                                 
02000004000000002000974                                                                                                 
02000005000000002000643                                                                                                 
02000006000000002000974                                                                                                 
02000007000000002000974                                                                                                 
02000008000000002000974                                                                                                 
03000008000000018300                                                                                                    
