01                      Andrei                   Vasilevskiy                    Ignatovich   Ostrovskogo6/18MozyrBelarus
02000001000000005500978                                                                                                 
02000002000000002000978                                                                                                 
02000003000000005500974                                                                                                 
02000004000000002000974                                                                                                 
02000005000000002000974                                                                                                 
02000006000000002000974                                                                                                 
02000007000000002000974                                                                                                 
02000008000000002000974                                                                                                 
02000009000000002000974                                                                                                 
02000010000000002000974                                                                                                 
02000011000000002000974                                                                                                 
02000012000000002000974                                                                                                 
02000013000000002000974                                                                                                 
03000013000000033000                                                                                                    
